[gd_scene load_steps=2 format=3 uid="uid://ciux6e6hdt2f"]

[ext_resource type="PackedScene" uid="uid://c3x4w2qkcrxv0" path="res://AD/angle_eye_ring.tscn" id="1_0fdq2"]

[node name="CorruptAngel" type="SubViewportContainer"]
clip_contents = true
custom_minimum_size = Vector2(512, 256)
stretch = true

[node name="SubViewport" type="SubViewport" parent="."]
transparent_bg = true
handle_input_locally = false
canvas_item_default_texture_filter = 0
size = Vector2i(512, 256)
render_target_update_mode = 4

[node name="DirectionalLight3D" type="DirectionalLight3D" parent="SubViewport"]
transform = Transform3D(0.35355335, 0.7071068, -0.61237246, -0.35355335, 0.7071068, 0.61237246, 0.86602545, 0, 0.49999994, 0, 3.5202386, 0)

[node name="AngleEyeRing" parent="SubViewport" instance=ExtResource("1_0fdq2")]
transform = Transform3D(0.8660254, 0.5, 0, -0.5, 0.8660254, 0, 0, 0, 1, 0, 0, 0)

[node name="AngleEyeRing2" parent="SubViewport" instance=ExtResource("1_0fdq2")]
transform = Transform3D(1.0522208, -0.6075, 0, 0.6075, 1.0522208, 0, 0, 0, 1.215, 0, 0, 0)

[node name="Camera3D" type="Camera3D" parent="SubViewport"]
transform = Transform3D(1, 0, 0, 0, 0.985488, 0.16974512, 0, -0.16974512, 0.985488, 0, 1.8223109, 10.44331)
projection = 1
current = true
size = 9.217612
